470,
998,
60,
365,
34,
305,
138,
350,
592,
893,
674,
46,
279,
72,
509,
195,
63,
422,
933,
989,
772,
789,
586,
921,
878,
517,
355,
584,
946,
939,
341,
809,
1000,
376,
90,
856,
792,
713,
371,
268,
122,
283,
729,
126,
786,
315,
537,
219,
679,
7,
147,
146,
739,
503,
912,
313,
770,
977,
1,
443,
969,
158,
210,
616,
288,
406,
244,
481,
150,
860,
94,
776,
699,
731,
42,
742,
954,
187,
548,
513,
587,
127,
213,
869,
247,
139,
551,
667,
499,
301,
396,
668,
320,
347,
972,
104,
788,
41,
270,
725,
327,
533,
243,
242,
987,
322,
787,
267,
281,
864,
677,
166,
463,
398,
335,
388,
838,
248,
178,
278,
964,
246,
755,
468,
435,
744,
472,
203,
696,
640,
637,
193,
889,
898,
215,
570,
580,
957,
310,
538,
617,
235,
240,
717,
454,
102,
30,
109,
573,
816,
238,
482,
636,
722,
606,
936,
711,
806,
736,
648,
245,
336,
514,
54,
112,
420,
862,
87,
884,
605,
540,
160,
253,
756,
759,
948,
239,
311,
228,
790,
113,
391,
612,
29,
474,
275,
655,
66,
549,
182,
220,
851,
103,
703,
303,
3,
768,
307,
653,
282,
871,
308,
222,
644,
151,
740,
432,
915,
631,
818,
720,
24,
531,
595,
234,
356,
2,
642,
344,
502,
685,
500,
348,
423,
292,
363,
784,
338,
935,
715,
85,
876,
785,
250,
747,
408,
903,
695,
990,
291,
286,
75,
822,
133,
769,
844,
196,
488,
329,
604,
944,
390,
309,
901,
965,
525,
714,
214,
647,
413,
719,
429,
197,
516,
324,
208,
810,
567,
128,
255,
342,
585,
117,
908,
180,
560,
900,
450,
136,
258,
447,
724,
839,
716,
501,
707,
835,
611,
16,
191,
155,
828,
799,
746,
873,
660,
428,
691,
67,
298,
101,
797,
302,
563,
10,
426,
986,
99,
688,
657,
781,
92,
421,
524,
141,
575,
497,
676,
966,
795,
73,
730,
108,
262,
554,
50,
545,
650,
442,
762,
845,
807,
425,
572,
56,
638,
928,
574,
88,
830,
885,
866,
624,
173,
709,
58,
277,
623,
198,
779,
917,
192,
9,
183,
693,
312,
817,
877,
14,
430,
28,
687,
942,
821,
475,
849,
980,
625,
734,
3,
550,
984,
20,
378,
96,
204,
349,
962,
59,
163,
295,
859,
924,
216,
170,
848,
976,
803,
993,
569,
207,
343,
723,
659,
27,
461,
487,
143,
520,
25,
212,
895,
602,
296,
518,
100,
297,
167,
922,
671,
399,
811,
89,
506,
382,
229,
185,
417,
664,
97,
985,
236,
478,
264,
55,
159,
162,
123,
492,
436,
654,
705,
439,
753,
385,
950,
124,
894,
796,
79,
107,
791,
77,
634,
448,
783,
834,
370,
469,
135,
280,
368,
601,
98,
511,
5,
515,
883,
217,
603,
904,
626,
651,
777,
504,
702,
12,
565,
78,
318,
854,
635,
251,
48,
218,
863,
812,
968,
306,
596,
353,
249,
979,
22,
557,
752,
607,
886,
157,
523,
444,
449,
451,
690,
507,
910,
542,
855,
960,
8,
271,
571,
867,
466,
200,
130,
